Version 0.9.7
5
 4 156 202 77 128 0 1
 5 80 400 206 81 2 2
 0 277 112 877 276 8 3
 1 348 21 206 81 404 6
 3 354 415 203 58 414 7
 0
25
 255 5 217 216 217 216 217 99 330 99 330 126 330 126 0 1 0 3
 255 5 343 126 343 126 343 32 343 32 363 32 363 32 0 3 0 6
 255 5 356 126 356 126 356 130 304 130 304 178 304 178 0 3 0 3
 255 5 421 126 421 126 421 126 421 178 421 178 421 178 0 3 0 3
 255 5 551 126 551 126 551 126 551 178 551 178 551 178 0 3 0 3
 0 5 217 315 217 315 217 373 217 373 330 373 330 373 0 1 0 3
 0 5 343 373 343 394 100 394 100 90 363 90 363 90 0 3 0 6
 0 5 365 452 365 452 365 373 365 373 356 373 356 373 0 7 0 3
 0 5 499 321 499 321 499 321 499 373 499 373 499 373 0 3 0 3
 0 5 629 321 629 321 629 321 629 373 629 373 629 373 0 3 0 3
 16744703 5 518 58 510 58 510 135 317 135 317 178 317 178 0 6 0 3
 16744703 5 537 58 527 58 527 143 343 143 343 178 343 178 0 6 0 3
 65280 5 356 178 356 178 356 153 564 153 564 178 564 178 0 3 0 3
 4227327 5 330 178 330 178 330 184 434 184 434 178 434 178 0 3 0 3
 4227327 5 343 191 343 191 343 191 447 191 447 178 447 178 0 3 0 3
 4227327 5 460 178 460 178 460 183 577 183 577 178 577 178 0 3 0 3
 16776960 5 356 204 356 204 356 204 356 204 473 204 473 204 0 3 0 3
 16776960 5 317 204 317 204 317 211 486 211 486 204 486 204 0 3 0 3
 16776960 5 499 204 499 204 499 198 616 198 616 178 616 178 0 3 0 3
 16744576 5 590 178 590 178 590 178 603 178 603 178 603 178 0 3 0 3
 16777215 5 629 178 629 178 649 178 649 459 540 459 540 459 0 3 0 7
 16777215 5 577 282 577 282 577 405 513 405 513 459 520 459 0 3 0 7
 65793 5 382 321 382 321 382 321 382 373 382 373 382 373 0 3 0 3
 16711680 5 356 217 409 217 409 271 564 271 564 282 564 282 0 3 0 3
 16711680 5 330 217 330 224 402 224 402 277 551 277 551 282 0 3 0 3
3
 7004 1 14 298 230 5 0 0 10568 3
 7008 1 14 415 230 5 0 0 10568 3
 7032 1 14 545 230 5 0 0 10568 3
