Version 0.9.7
5
 4 156 202 77 128 0 1
 5 80 400 206 81 2 2
 0 277 112 877 276 8 3
 1 273 7 206 81 140 6
 3 354 415 203 58 150 7
 0
37
 255 5 217 216 217 216 217 100 330 100 330 126 330 126 0 1 0 3
 255 5 343 126 343 90 292 90 292 18 288 18 288 18 0 3 0 6
 255 5 356 126 356 126 356 131 304 131 304 178 304 178 0 3 0 3
 255 5 421 126 421 126 421 126 421 178 421 178 421 178 0 3 0 3
 255 5 551 126 551 126 551 126 551 178 551 178 551 178 0 3 0 3
 0 5 217 315 217 315 217 373 217 373 330 373 330 373 0 1 0 3
 0 5 343 373 343 394 100 394 100 76 288 76 288 76 0 3 0 6
 0 5 365 452 365 452 365 373 365 373 356 373 356 373 0 7 0 3
 0 5 499 321 499 321 499 321 499 373 499 373 499 373 0 3 0 3
 0 5 629 321 629 321 629 321 629 373 629 373 629 373 0 3 0 3
 65793 5 382 321 382 321 382 321 382 373 382 373 382 373 0 3 0 3
 255 5 681 178 681 178 681 178 681 126 681 126 681 126 0 3 0 3
 0 5 759 321 759 321 759 321 759 373 759 373 759 373 0 3 0 3
 16744703 5 405 44 396 44 396 139 317 139 317 178 317 178 0 6 0 3
 16744703 5 462 44 451 44 451 156 369 156 369 178 369 178 0 6 0 3
 65535 5 382 178 382 178 382 169 460 169 460 178 460 178 0 3 0 3
 65535 5 317 191 317 191 317 183 473 183 473 178 473 178 0 3 0 3
 65535 5 499 178 499 178 499 183 564 183 564 178 564 178 0 3 0 3
 16744703 5 443 44 443 44 443 39 486 39 486 178 486 178 0 6 0 3
 16744703 5 424 44 415 44 415 146 343 146 343 178 343 178 0 6 0 3
 33023 5 330 217 330 223 288 223 288 274 421 274 421 282 0 3 0 3
 33023 5 343 217 343 228 296 228 296 267 434 267 434 282 0 3 0 3
 33023 5 447 217 447 217 447 211 577 211 577 217 577 217 0 3 0 3
 33023 5 434 217 434 217 434 208 486 208 486 204 486 204 0 3 0 3
 65280 5 486 217 486 217 518 217 518 273 473 273 473 282 0 3 0 3
 65280 5 356 217 356 228 511 228 511 267 460 267 460 282 0 3 0 3
 65280 5 421 295 421 295 421 287 447 287 447 282 447 282 0 3 0 3
 32768 5 486 282 486 282 639 282 639 222 616 222 616 217 0 3 0 3
 32768 5 590 217 590 217 590 217 603 217 603 217 603 217 0 3 0 3
 16711680 5 382 191 382 191 382 187 694 187 694 191 694 191 0 3 0 3
 16711680 5 486 191 486 191 486 193 707 193 707 191 707 191 0 3 0 3
 12632256 5 707 178 707 178 707 169 733 169 733 178 733 178 0 3 0 3
 12632256 5 330 204 330 204 330 200 746 200 746 178 746 178 0 3 0 3
 8388863 5 720 217 765 217 765 287 590 287 590 295 590 295 0 3 0 3
 8388863 5 759 217 776 217 776 293 603 293 603 295 603 295 0 3 0 3
 16777215 5 629 217 629 209 842 209 842 480 520 480 520 459 0 3 0 7
 16777215 5 616 308 616 308 616 459 616 459 540 459 540 459 0 3 0 7
4
 7004 1 14 298 230 5 0 0 10568 3
 7008 1 14 675 230 5 0 0 10568 3
 7032 1 14 545 230 5 0 0 10568 3
 7011 1 14 415 230 5 0 0 10568 3
