Version 0.9.7
5
 4 156 202 77 128 0 1
 5 80 400 206 81 2 2
 0 277 112 877 276 8 3
 1 348 21 206 81 404 6
 3 354 415 203 58 414 7
 0
32
 255 5 217 216 217 216 217 99 330 99 330 126 330 126 0 1 0 3
 255 5 343 126 343 126 343 32 343 32 363 32 363 32 0 3 0 6
 255 5 356 126 356 126 356 130 304 130 304 178 304 178 0 3 0 3
 255 5 421 126 421 126 421 126 421 178 421 178 421 178 0 3 0 3
 255 5 551 126 551 126 551 126 551 178 551 178 551 178 0 3 0 3
 0 5 217 315 217 315 217 373 217 373 330 373 330 373 0 1 0 3
 0 5 343 373 343 394 100 394 100 90 363 90 363 90 0 3 0 6
 0 5 365 452 365 452 365 373 365 373 356 373 356 373 0 7 0 3
 0 5 382 321 382 321 382 321 382 373 382 373 382 373 0 3 0 3
 0 5 499 321 499 321 499 321 499 373 499 373 499 373 0 3 0 3
 0 5 629 321 629 321 629 321 629 373 629 373 629 373 0 3 0 3
 16744703 5 518 58 510 58 510 133 316 133 316 178 317 178 0 6 0 3
 16744703 5 330 178 330 178 330 183 434 183 434 178 434 178 0 3 0 3
 16744703 5 537 58 528 58 528 138 447 138 447 178 447 178 0 6 0 3
 16744703 5 460 178 460 178 460 183 694 183 694 178 694 178 0 3 0 3
 65535 5 447 191 447 191 447 187 343 187 343 191 343 191 0 3 0 3
 65535 5 356 191 356 191 356 195 473 195 473 191 473 191 0 3 0 3
 65535 5 434 204 434 204 434 200 486 200 486 191 486 191 0 3 0 3
 65535 5 499 191 499 191 499 188 707 188 707 178 707 178 0 3 0 3
 4227327 5 720 178 720 178 720 178 733 178 733 178 733 178 0 3 0 3
 4227327 5 447 204 447 204 447 208 590 208 590 204 590 204 0 3 0 3
 4227327 5 317 204 317 204 317 212 603 212 603 204 603 204 0 3 0 3
 4227327 5 499 32 499 23 611 23 611 178 616 178 616 178 0 6 0 3
 16777215 5 759 178 759 178 768 178 768 472 540 472 540 459 0 3 0 7
 255 5 681 126 681 126 681 126 681 178 681 178 681 178 0 3 0 3
 0 5 759 373 759 373 759 373 759 321 759 321 759 321 0 3 0 3
 4227327 5 629 178 629 178 629 171 746 171 746 178 746 178 0 3 0 3
 8388608 5 447 217 447 224 414 224 414 282 421 282 421 282 0 3 0 3
 8388608 5 616 217 616 217 616 229 440 229 440 282 434 282 0 3 0 3
 8388608 5 447 282 447 282 447 287 681 287 681 282 681 282 0 3 0 3
 16777215 5 707 282 707 282 707 453 520 453 520 459 520 459 0 3 0 7
 16744576 5 330 217 286 217 286 292 694 292 694 282 694 282 0 3 0 3
4
 7004 1 14 298 230 5 0 0 10568 3
 7008 1 14 415 230 5 0 0 10568 3
 7011 1 14 545 230 5 0 0 10568 3
 7032 1 14 675 230 5 0 0 10568 3
