Version 0.9.7
5
 4 445 327 77 128 0 1
 5 80 400 206 81 2 2
 0 592 252 877 276 8 3
 1 630 143 206 81 140 4
 3 680 537 203 58 150 5
 0
6
 255 5 506 341 506 341 506 266 506 266 645 266 645 266 0 1 0 3
 255 5 658 266 658 266 658 154 658 154 645 154 645 154 0 3 0 4
 255 5 671 266 671 266 671 273 619 273 619 318 619 318 0 3 0 3
 0 5 506 440 506 440 506 440 506 513 645 513 645 513 0 1 0 3
 0 5 658 513 658 550 426 550 426 212 645 212 645 212 0 3 0 4
 0 5 671 513 671 513 671 574 671 574 691 574 691 574 0 3 0 5
0
