Version 0.9.7
5
 4 445 327 77 128 0 1
 5 80 400 206 81 2 2
 0 592 252 877 276 8 3
 1 630 143 206 81 140 4
 3 680 537 203 58 150 5
 0
24
 255 5 506 341 506 341 506 266 506 266 645 266 645 266 0 1 0 3
 255 5 658 266 658 266 658 154 658 154 645 154 645 154 0 3 0 4
 255 5 671 266 671 266 671 273 619 273 619 318 619 318 0 3 0 3
 0 5 506 440 506 440 506 440 506 513 645 513 645 513 0 1 0 3
 0 5 658 513 658 550 426 550 426 212 645 212 645 212 0 3 0 4
 0 5 671 513 671 513 671 574 671 574 691 574 691 574 0 3 0 5
 255 5 736 318 736 318 736 318 736 266 736 266 736 266 0 3 0 3
 255 5 866 318 866 318 866 318 866 266 866 266 866 266 0 3 0 3
 255 5 996 318 996 318 996 318 996 266 996 266 996 266 0 3 0 3
 0 5 697 513 697 513 697 513 697 461 697 461 697 461 0 3 0 3
 0 5 814 461 814 461 814 461 814 513 814 513 814 513 0 3 0 3
 0 5 944 461 944 461 944 461 944 513 944 513 944 513 0 3 0 3
 0 5 1074 461 1074 461 1074 461 1074 513 1074 513 1074 513 0 3 0 3
 65535 5 800 180 790 180 790 279 632 279 632 318 632 318 0 4 0 3
 65535 5 819 180 809 180 809 292 658 292 658 318 658 318 0 4 0 3
 33023 5 645 318 645 318 645 326 762 326 762 318 762 318 0 3 0 3
 33023 5 671 318 671 318 671 322 749 322 749 318 749 318 0 3 0 3
 16711680 5 892 357 892 357 892 351 645 351 645 357 645 357 0 3 0 3
 16744448 5 658 344 658 344 658 340 1022 340 1022 318 1022 318 0 3 0 3
 16744448 5 632 331 632 331 632 335 1009 335 1009 318 1009 318 0 3 0 3
 16711808 5 1035 318 1035 318 1035 349 905 349 905 357 905 357 0 3 0 3
 16711935 5 879 357 879 357 879 365 1048 365 1048 318 1048 318 0 3 0 3
 16711935 5 775 318 775 318 775 311 1061 311 1061 318 1061 318 0 3 0 3
 16777215 5 1074 318 1074 318 1074 581 1074 581 866 581 866 581 0 3 0 5
4
 7004 1 14 613 370 5 0 0 18076 3
 7086 1 14 730 370 5 0 0 18076 3
 7002 1 14 860 370 5 0 0 18076 3
 7008 1 14 990 370 5 0 0 18076 3
